5.237256829042807538e+21
4.364753337420284953e+21
5.018633093117343957e+21
2.993452205923501081e+21
2.484837280170684449e+21
4.774096108178441765e+21
3.823943146571763286e+21
3.809742173859457008e+21
2.948219025776397255e+21
3.192712997330133975e+21
4.048886774617369739e+21
3.649835588553474572e+21
3.734781602637624115e+21
3.508125214779911963e+21
4.545614862638152942e+21
5.487782923091461538e+21
4.309578650910624055e+21
3.010280814167221862e+21
2.840350624544595116e+21
2.823480682611995050e+21
3.063188462404815553e+21
5.196173019173258002e+21
3.840715945076561281e+21
4.884379289665519223e+21
4.489005331696799711e+21
3.737698219395526951e+21
3.747025935274790617e+21
5.136405542302038098e+21
5.689959072258613838e+21
4.006717524152576115e+21
4.148977002867239944e+21
6.041449286009335316e+21
5.729829065079754064e+21
4.203930469492688683e+21
5.337220058393395331e+21
2.754053979211375313e+21
4.547311723884270060e+21
5.471741429728429474e+21
5.874308487166663066e+21
5.299116184497820795e+21
6.372287154255790342e+21
5.923137032561734189e+21
5.895921865425519903e+21
5.573060559199505744e+21
5.223201518307039511e+21
4.662172520327034700e+21
5.634027574387871318e+21
3.244687682780402811e+21
5.358541575275822449e+21
6.497221740504748655e+21
4.839034325866819617e+21
3.774000699345122361e+21
7.344597824191526339e+21
8.617570804691545096e+21
6.621164518860969214e+21
4.975081252676335305e+21
4.897662939607347495e+21
6.737299368266754425e+21
6.005563164912123904e+21
5.572289881410067497e+21
7.145124849995614257e+21
6.866933108040445985e+21
5.379874107774682006e+21
6.449764564408226284e+21
4.889415657039697281e+21
6.671980134111243141e+21
6.368732422960763109e+21
5.441514747454836179e+21
5.375987086493012197e+21
5.564593402761509339e+21
7.787171008457171010e+21
6.666892539131684979e+21
7.282444459699654885e+21
6.318862186280560624e+21
6.544904637286216368e+21
5.904601662677393080e+21
5.746527541902265287e+21
6.451290440940716556e+21
7.650526500071174832e+21
4.944627987124476445e+21
4.794130259146672439e+21
5.259262357901168083e+21
4.873185547233312899e+21
5.148909034642717278e+21
6.878284107219327779e+21
5.770912797578968957e+21
6.675933595450281558e+21
6.289433091901149413e+21
7.203994953384513765e+21
8.077701604200014676e+21
6.554285444788690878e+21
5.800318400590822506e+21
6.773564389425111106e+21
7.397553099082289906e+21
6.659715478121653207e+21
8.516607729835745214e+21
5.252586424728996020e+21
6.737544441123459564e+21
5.551054935065478824e+21
6.050834712058844414e+21
6.062616227314995823e+21
5.722859398944173064e+21
5.808559619090742772e+21
5.340371911200078823e+21
5.790711100377518834e+21
7.496264842317106512e+21
6.325804822400222626e+21
5.895434606046097703e+21
4.948140064642330264e+21
5.403838629438125244e+21
7.149230836881840669e+21
8.731665978823927661e+21
5.069790803434266427e+21
6.648621127412469465e+21
7.520645303243013882e+21
7.041019321485298237e+21
7.683924292713337324e+21
7.678324720287797477e+21
7.778423322648810357e+21
6.779709348360011907e+21
5.490343923094980133e+21
7.434705403968627933e+21
7.391702268617830695e+21
7.722926574425401721e+21
9.261228000495059075e+21
6.418053022705368695e+21
6.265500211067310047e+21
9.178575151101017850e+21
8.426047777313371718e+21
6.469120206839753998e+21
6.233998657532227224e+21
5.482681830650577682e+21
6.337825149598366171e+21
6.670672808652347277e+21
9.072913411498286514e+21
8.267262804399535161e+21
7.970283458101078131e+21
7.347151736352454738e+21
7.018047632436001505e+21
7.043998707526372688e+21
7.471739422978399535e+21
7.218438028267666538e+21
8.905108481310637162e+21
9.296368320913962172e+21
9.755171038694882673e+21
5.612680912871291355e+21
9.395288240860738617e+21
7.230948196672392397e+21
7.051477493490686886e+21
9.250137209808714990e+21
8.134443796932480467e+21
8.323735592962495611e+21
8.976249272549676941e+21
6.617355587365451596e+21
5.754690908692032782e+21
7.063648913282567242e+21
9.287599513251678781e+21
1.120520296528686036e+22
1.186903909130942860e+22
9.790057645726628839e+21
8.804709773031266845e+21
6.987486723759174320e+21
6.733922937904132260e+21
9.123790805238069330e+21
7.597517226410099343e+21
7.266983273614273413e+21
1.025138298116414374e+22
8.211905193104082207e+21
8.828883720107642061e+21
7.825056829905979834e+21
6.843120325767423066e+21
1.075922650627126487e+22
8.831220352184711381e+21
9.532125407774727209e+21
1.015044588612982774e+22
6.752893788476780052e+21
7.323334426088932639e+21
7.859252207795235193e+21
5.624499587784127807e+21
8.657451584259069313e+21
9.464844599316222837e+21
8.411431782700505104e+21
7.082194790051240477e+21
6.462033968491886805e+21
6.900399213647360950e+21
8.061299552338136007e+21
7.908638544330771923e+21
8.954140470212523196e+21
9.231092146205650584e+21
9.851570026790294389e+21
8.774849330109456843e+21
8.154574158923767480e+21
7.833596373854228316e+21
8.715476194840868291e+21
9.251324036868707713e+21
8.001999956215638000e+21
7.546142430398086382e+21
7.424174663115113234e+21
7.387075905957082956e+21
6.464493915422868898e+21
8.806503068450167980e+21
8.961660778943404311e+21
9.400766155559556612e+21
8.033093357029521621e+21
7.635088311271889568e+21
8.617751591167491834e+21
8.163788597560110744e+21
8.527888608110135214e+21
7.340705273137706566e+21
9.614120640177323901e+21
9.221488865200849289e+21
1.017161713788502252e+22
1.068695604924358066e+22
8.373988464819452248e+21
8.729182698895369568e+21
6.936173279373609140e+21
8.341943167181225198e+21
9.686479067160451744e+21
9.346287983407172420e+21
8.886971564995996811e+21
9.977492260379766555e+21
6.757272737765052645e+21
1.054948132353120770e+22
9.902953745182971920e+21
9.354064635610038010e+21
1.093053661555239315e+22
9.845543056233803547e+21
8.445289212618948477e+21
1.057232972269890621e+22
9.681087162943837045e+21
8.351132138002683265e+21
7.950539646444685492e+21
9.534436448700498706e+21
8.743764729173857272e+21
8.248884322166663807e+21
7.384811427750948635e+21
1.161475260270094215e+22
1.007194257965653898e+22
7.377177283932777873e+21
1.015955896941115605e+22
1.134647009151009004e+22
8.263884801237037613e+21
8.413795205852470182e+21
8.712381808948611645e+21
1.207224604856844655e+22
8.924607976674112307e+21
9.162017968487413055e+21
9.537853708662279766e+21
8.873234163503557771e+21
1.030952109408426918e+22
1.022297475844317957e+22
9.005312296456128823e+21
7.406138646509557645e+21
1.080904934132362825e+22
1.137560841928804034e+22
1.049311332336261713e+22
1.002686392018889028e+22
1.079406432826646174e+22
8.653323864435627917e+21
1.022698432612775913e+22
1.033874949459612061e+22
9.403438711716080255e+21
8.195302250342916293e+21
1.047130003306175686e+22
1.188440648841934615e+22
9.939880420428981731e+21
1.002257442949355379e+22
1.232726973595812836e+22
1.273864793491886624e+22
1.155234172385936959e+22
9.094526595840518128e+21
8.571107083744096289e+21
9.341418722144712393e+21
1.027588482231469448e+22
1.004595861673745370e+22
1.188808117024457753e+22
1.032625049951851145e+22
1.028610992274500538e+22
1.088023439329168300e+22
9.611105780539727020e+21
1.085395414294406889e+22
1.389988160041253025e+22
1.379839631141519124e+22
1.022749769143178966e+22
9.977205679243629953e+21
1.352054749375115769e+22
1.460692001986443844e+22
9.597188074869280997e+21
1.216094370449996330e+22
1.139630342634506866e+22
9.960741663761460363e+21
1.024845428712723500e+22
1.007650717999577013e+22
1.280455516872950520e+22
1.023082049925421833e+22
1.209424257479263388e+22
1.204435644638974444e+22
1.101592511780897581e+22
1.213686959021304788e+22
1.489719068179397870e+22
1.438812473113578570e+22
1.407915914812912042e+22
1.295207042679271168e+22
1.226826916560774365e+22
1.044879421468402778e+22
1.220414872591088694e+22
1.202571830781005739e+22
1.188523998235149835e+22
1.184081862502772638e+22
1.242540154346504664e+22
1.405520979367993278e+22
1.339186906615719028e+22
1.235938011898253305e+22
1.159170829846662716e+22
1.114208363103409249e+22
1.068405035984955533e+22
1.207643237001033312e+22
1.354638984667928199e+22
1.157999938680071284e+22
1.266245846209392961e+22
1.367235255730041363e+22
1.288825478355570026e+22
1.112339392064727181e+22
1.277237442766816307e+22
1.386668197789131866e+22
1.429199689755722252e+22
1.107122371539586620e+22
1.336030098754249739e+22
1.039341777299107427e+22
1.169725999603661563e+22
1.368155930524533129e+22
1.448231771763211502e+22
1.342885081305465016e+22
1.612679807152818435e+22
1.610325983059005093e+22
1.417510089367157001e+22
1.121991819924320813e+22
1.491219695487568734e+22
1.381692260876839551e+22
1.190539159820350941e+22
1.378745446157349028e+22
1.135604008734416490e+22
1.385979252167177300e+22
1.622194080771711854e+22
1.372837025708873508e+22
1.485913625663743669e+22
1.705486324792167707e+22
1.594720192979232883e+22
1.340107784728234846e+22
1.423069925972917826e+22
1.390093353511562510e+22
1.328440967817944734e+22
1.320476702992214104e+22
1.307480190149786914e+22
1.429830670382141538e+22
1.414464729490834168e+22
1.402756531013296534e+22
1.329624479398733283e+22
1.424083611524296763e+22
1.392708602898557174e+22
1.242239026801060453e+22
1.529142985806605766e+22
1.435195442618604664e+22
1.252819535342349792e+22
1.275045025050024267e+22
1.520791656772609560e+22
1.508344635019914484e+22
1.346183875291021260e+22
1.340216766633826740e+22
1.417683040983482316e+22
1.471946077608866952e+22
1.434679836339485226e+22
1.332263136660159673e+22
1.361138936646565940e+22
1.485479646967841686e+22
1.566399318739730301e+22
1.428248714275171651e+22
1.541481884235951453e+22
1.749813366024502981e+22
1.484720540271453720e+22
1.377170162647475998e+22
1.608785988263878014e+22
1.538471114461889430e+22
1.560311695016071895e+22
1.459978926256080657e+22
1.739088707622358588e+22
1.777219215583667552e+22
1.755622492648787411e+22
1.340456720777573564e+22
1.429819538263360773e+22
1.373529157382361317e+22
1.535237845357902692e+22
1.615897209818694287e+22
1.739956826912265653e+22
1.488147050350430598e+22
1.538865256971093253e+22
1.517657328190627827e+22
1.531803690461006345e+22
1.707925678011933786e+22
2.154009263272645519e+22
1.649618622559379941e+22
1.544564208532981390e+22
1.648041934242566898e+22
1.489812371117029143e+22
1.280319718847142062e+22
1.661107411941197873e+22
1.715210587426143601e+22
1.298574598103289876e+22
1.412690672638887566e+22
1.408633590611311591e+22
1.519907821839950492e+22
1.588440952990322393e+22
1.621235369202897283e+22
1.587366170783354402e+22
1.548710221094532730e+22
1.552692799999080137e+22
1.549417269292048161e+22
1.648148298326805053e+22
1.533399696863932501e+22
1.373035246352604122e+22
1.820375864694251140e+22
1.617541398869369369e+22
1.574739329987626664e+22
1.947451845959053895e+22
1.754497947149734091e+22
1.712358974518591069e+22
1.822229533366467900e+22
1.759048922924535985e+22
1.851703973848470782e+22
1.921232465818051569e+22
1.502749781168453216e+22
1.973888399725204550e+22
1.934314156374927134e+22
1.787842127935471144e+22
1.731534252557731679e+22
1.845266874345876934e+22
1.802536942941525089e+22
1.932992134936380047e+22
1.795779687866548879e+22
2.054189338615750643e+22
2.063148518270173813e+22
1.772609681776684774e+22
1.732935322453942049e+22
2.100889822059736282e+22
2.136556046796024762e+22
1.944259705066621187e+22
2.000604392321923521e+22
1.940390565128971275e+22
2.092430344120776943e+22
2.144702512442009610e+22
1.911675788352442230e+22
1.901588490704457721e+22
2.043855874568193311e+22
2.292884612266608663e+22
2.145946474893749833e+22
2.088787543047266527e+22
2.192985143341501278e+22
2.253637806795178115e+22
2.528447336876926304e+22
2.177288491637520990e+22
1.981855951472122711e+22
2.160458847739159616e+22
1.922149309669052724e+22
2.135753021753686753e+22
2.264177168887681804e+22
2.228452567022998598e+22
2.461057477209235233e+22
2.198173642078478664e+22
2.202841252157928243e+22
2.657316947772463016e+22
2.531524489750502808e+22
2.151141905978673542e+22
2.451803801177606953e+22
2.840837184916570925e+22
2.848163653214263470e+22
2.416021098725015709e+22
2.430669704355418577e+22
2.966586852965955823e+22
2.503034593624502934e+22
2.775608442585695335e+22
2.785014712779827210e+22
2.438198555426906387e+22
2.325575110025964788e+22
2.398729939972555538e+22
2.713890577015730340e+22
2.933239959120411152e+22
2.677436925089054038e+22
2.695773636400142667e+22
2.710574500716336277e+22
2.725600198613942875e+22
2.312087156307294106e+22
2.805983025584690063e+22
2.713156905247014335e+22
2.608146109034542819e+22
2.547898456266078002e+22
2.384247798467052490e+22
2.514284379370501544e+22
2.534479188338984931e+22
2.437062813464827370e+22
2.313594554080722262e+22
2.495871715112040530e+22
2.814169387850298032e+22
2.940184088859954381e+22
2.719400202775135309e+22
3.092044604272552601e+22
2.827855253415039232e+22
3.291943539793764916e+22
2.723772800576942139e+22
3.038749095167339476e+22
3.372359931704925959e+22
3.203284930679810294e+22
3.382270202041116865e+22
3.372908898600139044e+22
3.301864940335314397e+22
2.881838397056593428e+22
2.892145217268695748e+22
3.229695511879120165e+22
2.966833847213437747e+22
3.356372359676764252e+22
3.084548856756347024e+22
2.845307899506355234e+22
3.163573246742335848e+22
3.292904716153582413e+22
3.285433390731320361e+22
2.818813420428924971e+22
2.861830281473769131e+22
3.721756635750562424e+22
2.933580867026125901e+22
2.846278581493022536e+22
3.290284434743722666e+22
3.035422656528808464e+22
2.946291824657349529e+22
3.808143653576843146e+22
3.391936944348630247e+22
2.901020245458270814e+22
3.147065006001272704e+22
3.695396320178578076e+22
3.264513666160960681e+22
3.401091360536017030e+22
3.420749708653659947e+22
3.310137515281630206e+22
3.086070281255800065e+22
3.193997743311718606e+22
3.814040459579056194e+22
3.317050466703080476e+22
3.493800089146866480e+22
3.360740959909222705e+22
3.673167943793233835e+22
3.252874699492061872e+22
3.456941694828469132e+22
3.737856811891278060e+22
3.843748285185483447e+22
3.371375698761608908e+22
3.539747322439168688e+22
3.599097546029626556e+22
3.324085929556566658e+22
4.006448475801243982e+22
3.935441179765936593e+22
3.948007325035611868e+22
3.981580829566350603e+22
3.639719889251845800e+22
3.582712452389242562e+22
3.861404109039514681e+22
3.594090993699012162e+22
3.535790956278529917e+22
3.737755170962495504e+22
3.681275212191369055e+22
3.770515464197936618e+22
4.289103951950926106e+22
3.930250445313826567e+22
3.881949055583625255e+22
3.861822546477495982e+22
3.296352310924850862e+22
3.696520567598294132e+22
3.672377634366729644e+22
3.237170718929910864e+22
3.341920042641653131e+22
3.549495682350687715e+22
4.178157533680239221e+22
4.216870042274565928e+22
4.213572685919041670e+22
3.824181408676535966e+22
4.262281737486870145e+22
4.295044609172188430e+22
4.357261361406803968e+22
4.597736972339915417e+22
4.639230728590735914e+22
4.728374680174668965e+22
4.542394002686988203e+22
4.782488036570544105e+22
4.516678444066587804e+22
4.673860717354879549e+22
4.920974607552875803e+22
5.122688896444132858e+22
4.933575761052534886e+22
4.936917188210922724e+22
4.551725144440660453e+22
5.036339334602218170e+22
4.874348040226735129e+22
4.695530913905863610e+22
5.407342042968148148e+22
4.984775633565771419e+22
4.595285918142249619e+22
5.125086872616243403e+22
5.361651394096804345e+22
5.141379919396622198e+22
5.342685121269086762e+22
5.466308956200942698e+22
5.392187800875505287e+22
4.756137910705788341e+22
5.609641990246096280e+22
5.352370376031834682e+22
5.690663376143008557e+22
5.744778716871809355e+22
5.145815259198189155e+22
5.685535499265801768e+22
5.856713342889461442e+22
5.419482606105271678e+22
6.153672503722252435e+22
6.143861175023009844e+22
5.958560153770889367e+22
5.689325587050352607e+22
5.873032906810553113e+22
6.208610782286359350e+22
6.045926225419581155e+22
5.703704709935762558e+22
6.288505577639986908e+22
6.511921729483399653e+22
6.400750708218273359e+22
6.381103500052323421e+22
6.013095079629029376e+22
6.534083192422845435e+22
6.335042933098087134e+22
6.176381364357231018e+22
6.015494889826214006e+22
6.408288311187102656e+22
7.139897259240343785e+22
6.811893408606144220e+22
6.669235333223196446e+22
6.324243381434867253e+22
7.072886959043896148e+22
6.870553404707603009e+22
6.926464060067642606e+22
7.270529786410307473e+22
7.627969379039827093e+22
6.889198833085442320e+22
7.256837365181050991e+22
7.205567043742035712e+22
7.466842437219915714e+22
7.349682719114537835e+22
7.798180781268235243e+22
7.671225223945838500e+22
7.622626170596340269e+22
7.213446385597335313e+22
7.162860097375443301e+22
7.584624386743055732e+22
7.410249788740395545e+22
7.618177246269676297e+22
7.462453194090504992e+22
7.607774909753239326e+22
7.796297985412093601e+22
7.946796635957766809e+22
8.500107833007555163e+22
7.729510438647454551e+22
7.754476482611550093e+22
7.989499049773749817e+22
8.147848285534078947e+22
7.446843129748405197e+22
7.952781526432085757e+22
7.119087686191660663e+22
7.637671698939607253e+22
8.550808887907656191e+22
8.208674988629898874e+22
7.520571549489281840e+22
8.525342123949929844e+22
8.439413333146484710e+22
7.809360249956809992e+22
8.366181777271247235e+22
8.476293111022283548e+22
7.947883899609955487e+22
7.894124758108902890e+22
8.216588438343994730e+22
9.051114574585071141e+22
8.737221947149843117e+22
8.626969822266960904e+22
7.868704399619307812e+22
9.110380012649795342e+22
9.090582485061374837e+22
8.816280032335161931e+22
8.971367616036026607e+22
8.965980246049075862e+22
9.239616120778712836e+22
9.769995830882627643e+22
9.961116955052953567e+22
9.782086347381090864e+22
1.045814907376609536e+23
1.006699604654875455e+23
9.334083215523969604e+22
1.020969148614869569e+23
1.060664461564035014e+23
1.048365806921303007e+23
1.096680857011065025e+23
1.137033084417730371e+23
1.143758706749127157e+23
1.131008463145266850e+23
1.125037311878952512e+23
1.043371778972611500e+23
1.115493054282057006e+23
1.210018834025760644e+23
1.183122975272462105e+23
1.162509730510735262e+23
1.129624339708396836e+23
1.149075026617519382e+23
1.195178078260828182e+23
1.178262247080474297e+23
1.198381877641510734e+23
1.257461620936379350e+23
1.275086514708347229e+23
1.306510064147815643e+23
1.251326216047206209e+23
1.212678640218290394e+23
1.268392997905992201e+23
1.323964497412347952e+23
1.381213164155959918e+23
1.289914968388522150e+23
1.387519498011074259e+23
1.343290470241967266e+23
1.288069518676307686e+23
1.298716634829611042e+23
1.430032474996140493e+23
1.422260609939673270e+23
1.390857804013756177e+23
1.277459548260056422e+23
1.326347594027787669e+23
1.474429409639504072e+23
1.519728333298587570e+23
1.464652187279614070e+23
1.528855376113480594e+23
1.492482302339524329e+23
1.539505267678332385e+23
1.514479233526788962e+23
1.619563926653619719e+23
1.689990410596052873e+23
1.579303572287851195e+23
1.624532229582196635e+23
1.652542612035958997e+23
1.683644482601123704e+23
1.632543009251527041e+23
1.705771206177371990e+23
1.729817462484103028e+23
1.720017632836853663e+23
1.802315252216970042e+23
1.784868349051549998e+23
1.806016096373866611e+23
1.762462270610526563e+23
1.825011965391148574e+23
1.759766445614174894e+23
1.761088477879793133e+23
1.717681574827907875e+23
1.705110663309231024e+23
1.803302204157510560e+23
1.797679013925401951e+23
1.768290267357297267e+23
1.900601725272409653e+23
1.782059606321944781e+23
1.911852306251958578e+23
2.015655437075485777e+23
1.951096345573218509e+23
1.939286617176805181e+23
1.940271124701357162e+23
2.040363334746888827e+23
2.043778961811740599e+23
2.040522874214998973e+23
2.172316567974515185e+23
2.141894475402286171e+23
2.101564614673814342e+23
2.039645910467390472e+23
2.295170726153160082e+23
2.358970243125957917e+23
2.233685852807754552e+23
2.277181854686413335e+23
2.242271168681093659e+23
2.271294543765570752e+23
2.258065070104746436e+23
2.300856473953156077e+23
2.331016671474166782e+23
2.332385792123679875e+23
2.277110589098776550e+23
2.394201970087830707e+23
2.338563477345370668e+23
2.428813959628564610e+23
2.481049777128152341e+23
2.561001914307289631e+23
2.535689435027850584e+23
2.539375713722788752e+23
2.578910179299232192e+23
2.593602155979185838e+23
2.629912407356573001e+23
2.767624765748859151e+23
2.715163393974080593e+23
2.608242024340694436e+23
2.715345583197138652e+23
2.772571702852549786e+23
2.898690861198875065e+23
2.871344025814757005e+23
2.815558604614688309e+23
2.866954005224920093e+23
2.917831285161676599e+23
3.013182682269312048e+23
2.862550556255783611e+23
2.889806048237283023e+23
2.994445750376573981e+23
3.061613995225392349e+23
3.128967746958556838e+23
3.067279892831819058e+23
3.061932542786886403e+23
3.182394872082434569e+23
3.118834175941389719e+23
3.145638227744973841e+23
3.285488447398374183e+23
3.103293946477186698e+23
3.215694330487210414e+23
3.313953154821920790e+23
3.286873849471216900e+23
3.395499863142184004e+23
3.326526647902708108e+23
3.218135640773148384e+23
3.349584768604389497e+23
3.569034772701974983e+23
3.514913380314835824e+23
3.413807925006485391e+23
3.425463859756685349e+23
3.458319205029518676e+23
3.474596034989578477e+23
3.525399644498547567e+23
3.515831937700879757e+23
3.452830765351488297e+23
3.428988944775519823e+23
3.471387671462723338e+23
3.591792112001547218e+23
3.726022521475964663e+23
3.693538065877536835e+23
3.773855066471692396e+23
3.896287934184386430e+23
3.824760096301254621e+23
3.787904044288186599e+23
3.783338170763902410e+23
3.636442210967348136e+23
3.696548648978187551e+23
3.902182320910711107e+23
3.821577044215766597e+23
3.970060561005456896e+23
3.939154218981080537e+23
3.968542677125767134e+23
4.038190129671396603e+23
3.992918018091048784e+23
3.937922492409142103e+23
4.134436615221588588e+23
4.209114892522242609e+23
4.228894838740456330e+23
4.292128023667381507e+23
4.275840654799449558e+23
4.313669459510794859e+23
4.430950843916848757e+23
4.201554143764366188e+23
4.303814230242279681e+23
4.276616565568442760e+23
4.276475821838769135e+23
4.278630260394748574e+23
4.308135411668574525e+23
4.382888853984414238e+23
4.377510471468660388e+23
4.494285822402332732e+23
4.458527609871222954e+23
4.736941271258861425e+23
4.807942988998293502e+23
4.667536762883982534e+23
4.782705880036260572e+23
4.769503364422836672e+23
4.778591577395258165e+23
4.747304220593141926e+23
4.747204844612308204e+23
4.883901275521620388e+23
4.943646850789614624e+23
4.870889616068978389e+23
4.998016810905489533e+23
5.058361765459695879e+23
5.231070572166217109e+23
4.975412664130060482e+23
5.303116236734687766e+23
5.244655028627092537e+23
5.282994384821875995e+23
5.268910358690756779e+23
5.205526103066156078e+23
5.421404232521263004e+23
5.428499721909778168e+23
5.317009930320653320e+23
5.342505270699242480e+23
5.419616719436055430e+23
5.544725409328804303e+23
5.684429449123283358e+23
5.707773445269525323e+23
5.466088335103000188e+23
5.759573995613443808e+23
5.541005908957508833e+23
5.585117385153610179e+23
5.618800255913071435e+23
5.837163449682845929e+23
5.828693036441471633e+23
5.705336443817846962e+23
5.884519513576516899e+23
5.887708352502204706e+23
6.162554744873533424e+23
6.262044028907299348e+23
6.195833564125999651e+23
6.259159703214375137e+23
6.220801989322596701e+23
6.141409787259071066e+23
6.232487729539299724e+23
6.096948935128664045e+23
6.213534496770160444e+23
6.307852389002089060e+23
6.448539714629731877e+23
6.629931872897816844e+23
6.453035191830746099e+23
6.526609318264976829e+23
6.592223322930840045e+23
6.654546469201217512e+23
6.550293088234441403e+23
6.680209352965434953e+23
6.658869711238266146e+23
6.741070819589476351e+23
6.902777080667157498e+23
6.913042309081848779e+23
7.042849760572681591e+23
6.593922146787025947e+23
6.803386844755129186e+23
7.010463102924822990e+23
7.078290009884215822e+23
7.034767147906304490e+23
7.145090729634149203e+23
7.090589629741563013e+23
7.136714736129328116e+23
7.226898074903053945e+23
7.269009187315816921e+23
7.254231767164446719e+23
7.284287306886618976e+23
7.442170267495590191e+23
7.542467945278173054e+23
7.476596250888821350e+23
7.473710971717813440e+23
7.470781771053165812e+23
7.437065105074886447e+23
7.310566357664555514e+23
7.379043861669980081e+23
7.735322984609685722e+23
7.549804576076713605e+23
7.650791574784413427e+23
7.792960480140160601e+23
7.867605514465448076e+23
7.909600281251553728e+23
7.729775612018430931e+23
7.756931244640059827e+23
8.024455874456767231e+23
8.030858333571814596e+23
7.969199286801861685e+23
7.945901907113938203e+23
7.985819970664957949e+23
8.139281525632610284e+23
8.119467360636044543e+23
8.252706063819407884e+23
8.229597812873727899e+23
8.270179004690395814e+23
8.317025864293431179e+23
8.394179291298699359e+23
8.497515935787396157e+23
8.603123522323102795e+23
8.566588605252671038e+23
8.668430265951010769e+23
8.761263332072754418e+23
8.613253597262649366e+23
8.733784929373569029e+23
8.808442789167588358e+23
8.962896274618226322e+23
8.995236181336390422e+23
8.873738410139175533e+23
8.774236766415833467e+23
8.969369248519911511e+23
9.256142241139335428e+23
9.039221683208237424e+23
9.187398159278736723e+23
9.127009581115057017e+23
9.238752298500303450e+23
9.191013812084861976e+23
9.390477552708052436e+23
9.441119311865659932e+23
9.303275533684963363e+23
9.391573346744761582e+23
9.205186987038345349e+23
9.512026066006251521e+23
9.438394538808394855e+23
9.614967541382188756e+23
9.749840851039911737e+23
9.616907332267474546e+23
9.863752157115230317e+23
9.821123210553328287e+23
9.760116338328573397e+23
1.000095534494795983e+24
9.842448291988507931e+23
9.972235565201345594e+23
1.011384918978198537e+24
1.006456814167322631e+24
1.013313562147719827e+24
9.982782144750346526e+23
1.005946589850191220e+24
1.019125337763388359e+24
1.035945283587079341e+24
1.025729540289297503e+24
1.022768882010677110e+24
1.029295886378433925e+24
1.030242620043370227e+24
1.032567508739712195e+24
1.052588709355658911e+24
1.051957690317820555e+24
1.028687849848734692e+24
1.060010283030079269e+24
1.063864098174827720e+24
1.054150999710504260e+24
1.058714190263965712e+24
1.069978782473366658e+24
1.063277129151641981e+24
1.088729079976269739e+24
1.069681458795868206e+24
1.083059896147389022e+24
1.099234412886187955e+24
1.124743791549786230e+24
1.091925594310347814e+24
1.071835982503218166e+24
1.114567913571919948e+24
1.107614732925396081e+24
1.102065703542365346e+24
1.134861181051480343e+24
1.125433288524253832e+24
1.124981546192691828e+24
1.150243939555898108e+24
1.130048975814495971e+24
1.151963540156037080e+24
1.143715900026070812e+24
1.142059418394872215e+24
1.159295924708156102e+24
1.153897723255354183e+24
1.173185569591018108e+24
1.174293308401002071e+24
1.156928119930507932e+24
1.156085020355383475e+24
1.162795511908454470e+24
1.162434190894413164e+24
1.179547211884110207e+24
1.184553519910593441e+24
1.218511487230346420e+24
1.202360702919851129e+24
1.178386167560719414e+24
1.204532334113060463e+24
1.195506952036395776e+24
1.216380684787742589e+24
1.221802472964865101e+24
1.217531252370864278e+24
1.213505158915721070e+24
1.219876230138398469e+24
1.213838601712472739e+24
1.236920767191391618e+24
1.231461523251630793e+24
1.230976361909269039e+24
1.232496805542864943e+24
1.226233325114661060e+24
1.220536047491329288e+24
1.247229604964228510e+24
1.246948584026263156e+24
1.250493579006365917e+24
1.245668883627798562e+24
1.263348285787016446e+24
1.247088233766282825e+24
1.261313844838678770e+24
1.247976656458046329e+24
1.249813674248673945e+24
1.287215475925007783e+24
1.257050768539306080e+24
1.256530367164810669e+24
1.262467035914604774e+24
1.281807994362920616e+24
1.297928958997027501e+24
1.285130759218120679e+24
1.268740351624551164e+24
1.299279761724414854e+24
1.305739311672426246e+24
1.307402478565042667e+24
1.301280634717495559e+24
1.303453064707643812e+24
1.287332813948697769e+24
1.307072359851617367e+24
1.303162960363496940e+24
1.319162356839504312e+24
1.317753457978207514e+24
1.307068258472465168e+24
1.284894747414426345e+24
1.300046938569266109e+24
1.274924576818546614e+24
1.293042542083558039e+24
1.336069629423672541e+24
1.314726608626143447e+24
1.314343053632146619e+24
1.308962137768219636e+24
1.323945339445789422e+24
1.320559143709700006e+24
1.341261377506313605e+24
1.330532284576719295e+24
1.318650779553334198e+24
1.321020548363304768e+24
1.351985446010354093e+24
1.366743066211644577e+24
1.327828042242246366e+24
1.335281559316747688e+24
1.326261049647872938e+24
1.317105404006642194e+24
1.341561211740513332e+24
1.357112011234123660e+24
1.337864496383426432e+24
1.337918129006478518e+24
1.334147314624187066e+24
1.325626437143112412e+24
1.336892823789788423e+24
1.338652523135556609e+24
1.349096443443517212e+24
1.341164324088333193e+24
1.349911170931912713e+24
1.356881900057950106e+24
1.327693429927217644e+24
1.328971278588835355e+24
1.350774987882752926e+24
1.328150920790693615e+24
1.336669588912240127e+24
1.332096141113462578e+24
1.327107235244491946e+24
1.309761017940966373e+24
1.350806424521472693e+24
1.323618534224694933e+24
1.329591768994157691e+24
1.339418236395200759e+24
1.332153590635255380e+24
1.327159769439974860e+24
1.368900689135236494e+24
1.357094093127009012e+24
1.332966095213787341e+24
1.352861531882343585e+24
1.344677382224254677e+24
1.350639548622905360e+24
1.337912400944490219e+24
1.315330444150663711e+24
1.344710786501859936e+24
1.341330059436860237e+24
1.341405107727155742e+24
1.321666429131982157e+24
1.339468615127443045e+24
1.309654460985927757e+24
1.331153527309837443e+24
1.326805664635991760e+24
1.338445260511501837e+24
1.319433941136429499e+24
1.312442389046887214e+24
1.335646037689910069e+24
1.354003458294852532e+24
1.329142715018326953e+24
1.321722146962168625e+24
1.348944664558521740e+24
1.333671245153547628e+24
1.312988079929222295e+24
1.346980118052199094e+24
1.340383645000923347e+24
1.328194547425057949e+24
1.339922012925702785e+24
1.316413132462408507e+24
1.328232972744983782e+24
1.320886969445180600e+24
1.310997960487868429e+24
1.330052839225172215e+24
1.321548432040580853e+24
1.334240614465354747e+24
1.320129852108707920e+24
1.321722800553646317e+24
1.333175254138884454e+24
1.310535727669514661e+24
1.316745183117393361e+24
1.324776741996410448e+24
1.289170551995402639e+24
1.304690628026842716e+24
1.315858927015026751e+24
1.301757072844921441e+24
1.306295428276063648e+24
1.317281552355241746e+24
1.334245702190875850e+24
1.324756540857374365e+24
1.313262235891785179e+24
1.311819113152080129e+24
1.294226615597534173e+24
1.288523396415495919e+24
1.285880162349771290e+24
1.286819883685203960e+24
1.299038572373332344e+24
1.282214703807511164e+24
1.306343061827084159e+24
1.266988862159529622e+24
1.280547443780004746e+24
1.281471852088595575e+24
1.288123648612013638e+24
1.299352643772766388e+24
1.279530252959133007e+24
1.279213016313332024e+24
1.279108455355565908e+24
1.298216298477669575e+24
1.263127534344508587e+24
1.264259901390129080e+24
1.279401935497884319e+24
1.262303454965116462e+24
1.265435131610982903e+24
1.283911385238909582e+24
1.264862743016281066e+24
1.250782435587605045e+24
1.251728681899159183e+24
1.250981470658622231e+24
1.266276604502768076e+24
1.255961763058114189e+24
1.232624829403100724e+24
1.235987824179912768e+24
1.249631804561029541e+24
1.224599363171211935e+24
1.211950129471549761e+24
1.233382272061921974e+24
1.242734833221372566e+24
1.226204175119877879e+24
1.212088228751992794e+24
1.222429030605812358e+24
1.202003354463602999e+24
1.194494808198910744e+24
1.204264154830559181e+24
1.212920533434146331e+24
1.206332745396306814e+24
1.227949644967520808e+24
1.190723633165408284e+24
1.173323862091088024e+24
1.195071987344653494e+24
1.170790222013662392e+24
1.175077995947738071e+24
1.180695024449818425e+24
1.147937620308206775e+24
1.157532598411653747e+24
1.184186179246342925e+24
1.156314593189070987e+24
1.173456851136627656e+24
1.177711006592014920e+24
1.152418721006543176e+24
1.158133077965568804e+24
1.137123103478407590e+24
1.120972480234622657e+24
1.121151719314037806e+24
1.127238613472439546e+24
1.123418624826828499e+24
1.106783737370660617e+24
1.114420822688048498e+24
1.121178036996399092e+24
1.113655572430080543e+24
1.104194047768208920e+24
1.109763124874335312e+24
1.099435163017267611e+24
1.106658979141677392e+24
1.093559876941068477e+24
1.087492849264928953e+24
1.097275638252705763e+24
1.095275591478840048e+24
1.083807943209380691e+24
1.069428497890822477e+24
1.077401620144736312e+24
1.069860666111828559e+24
1.052341837964882678e+24
1.070379485280642326e+24
1.063931198579696491e+24
1.048938014800355776e+24
1.033467883632292071e+24
1.036125437496562205e+24
1.051437486682356329e+24
1.043731988650559795e+24
1.023290371304969449e+24
1.034696535213341143e+24
1.012701549979746414e+24
1.033138385586057715e+24
1.044631039354386103e+24
1.014013604587360901e+24
9.882095841293398704e+23
9.798621755161872171e+23
9.979025022682782079e+23
9.545827974092811980e+23
9.963204078467471135e+23
9.581388722606617867e+23
9.675163834587736273e+23
9.718093412519641172e+23
9.690358589230157251e+23
9.629436961146734410e+23
9.322079263164392591e+23
9.378421152365072781e+23
9.374872270662078122e+23
9.025164544073472252e+23
9.176448846231908941e+23
9.326052441914557669e+23
9.302107882345495685e+23
8.973736509042360519e+23
9.106901795536309636e+23
8.930346808496010591e+23
8.928274453244310486e+23
8.821387015981522653e+23
8.729068116488510148e+23
8.693357001682778965e+23
8.546003120386375586e+23
8.708328222889831479e+23
8.617196344524475990e+23
8.476116920170468658e+23
8.358417795777300865e+23
8.247620912408647654e+23
8.309599630664864786e+23
8.269745285365424791e+23
8.306103986781226617e+23
8.184754627201178387e+23
8.256791393959996817e+23
8.125740614319178661e+23
8.058243033294269789e+23
7.753003408002094633e+23
7.767350766715793394e+23
7.681492741804895303e+23
7.695601794991699547e+23
7.645928225348016417e+23
7.580329754944740440e+23
7.579345124160851075e+23
7.230023334390998258e+23
7.242808156089874760e+23
7.212979564411300358e+23
7.288468254031440322e+23
7.063069075907165469e+23
7.084492517295023509e+23
7.028695496231663530e+23
6.989603328295845988e+23
7.136303416997372777e+23
6.900569108936278954e+23
6.779837146359007826e+23
6.838695895377597012e+23
6.658602727828319371e+23
6.720731129429861356e+23
6.640538799445206819e+23
6.567420209717074041e+23
6.336075935822786561e+23
6.333115434881548907e+23
6.071373903548207994e+23
6.150372757640227890e+23
6.155562297979332995e+23
6.044359204751862934e+23
6.046361328777237396e+23
5.816615849179413626e+23
5.789124601716286685e+23
5.748342885249846933e+23
5.713005341253457664e+23
5.738871933019520175e+23
5.681936812422807589e+23
5.764262653488567408e+23
5.551014647599447503e+23
5.436272607722572507e+23
5.341651308996185146e+23
5.411455728005358792e+23
5.371198355635485551e+23
5.389937802520595519e+23
5.290034447869777449e+23
5.184648075015333515e+23
5.038235514428000871e+23
5.023323104928558219e+23
4.890031638212849183e+23
4.830601764950209557e+23
4.857672607538978352e+23
4.765672603594656506e+23
4.716378937434611772e+23
4.527193435156056176e+23
4.414440801462796555e+23
4.528930824475416000e+23
4.544570919697828146e+23
4.512237144386492107e+23
4.462628118661696795e+23
4.427543693147268333e+23
4.370369149363235754e+23
4.247076781531828962e+23
4.230797088862592670e+23
4.221535597079489895e+23
4.280216946423182509e+23
4.173796830842397896e+23
3.907685865629105248e+23
3.814619504355049220e+23
3.824051192622112393e+23
3.724266776336002554e+23
3.715469272481314688e+23
3.605224165523013627e+23
3.498842692261721387e+23
3.581273060229972073e+23
3.407949244513138697e+23
3.326078017047450993e+23
3.315906847975104703e+23
3.333449823471958627e+23
3.237117077444602574e+23
3.204260477251102546e+23
3.176706686096827912e+23
3.086350063206263182e+23
3.099291520895233106e+23
2.951482762485777050e+23
2.993938077113900776e+23
3.011711397187680836e+23
2.896429594785075241e+23
2.903749265485273969e+23
2.792213779380691083e+23
2.808713093801822199e+23
2.636148911084520331e+23
2.669284428309438419e+23
2.606571576348383128e+23
2.682083314909572854e+23
2.549588283630552802e+23
2.450685054955760889e+23
2.370679066916610669e+23
2.354660270509207658e+23
2.347095013895537909e+23
2.291214517003989885e+23
2.251457741613502038e+23
2.129533047792155576e+23
2.157791684916669862e+23
2.155398410128925854e+23
2.120935630265041027e+23
2.039348032490834347e+23
2.057459888280669058e+23
1.994728288450639949e+23
1.888525882687050954e+23
1.882476361582792399e+23
1.869262996160741051e+23
1.862092492368142632e+23
1.852738092405695311e+23
1.802181083925454248e+23
1.760191074033189142e+23
1.672222874400336327e+23
1.730758193775632020e+23
1.684020786953099988e+23
1.747142244347996495e+23
1.664847594522929508e+23
1.514557772656888649e+23
1.469969803588198686e+23
1.513255538250864856e+23
1.466844150400072307e+23
1.505860451100117361e+23
1.466836945530110104e+23
1.356916534263119505e+23
1.349740544361321170e+23
1.400324294320269411e+23
1.342853764266641882e+23
1.393236745029280932e+23
1.352465937698946432e+23
1.281133603299800845e+23
1.237620369216802778e+23
1.224574741615845164e+23
1.181430325603603998e+23
1.191662477351108194e+23
1.162729232584256248e+23
1.092358890114550260e+23
1.138209210141246195e+23
1.093027090389718815e+23
1.051309902999702125e+23
1.041594684198543772e+23
1.073071010784394221e+23
9.868035914922831590e+22
9.990867418033575848e+22
1.024900233286366538e+23
1.026614471657437853e+23
1.006318785158078425e+23
9.465780213235441258e+22
8.987683008551327891e+22
8.377994735521095064e+22
8.611866054991035551e+22
8.470636514825176351e+22
8.443700429136762346e+22
8.693592178150686169e+22
8.139090212923713677e+22
7.880519505215250602e+22
7.827702148776617784e+22
8.370434543765125543e+22
8.047389279712835745e+22
7.728805909981172859e+22
7.019151389943085085e+22
6.813503243627150285e+22
7.505902746648699522e+22
6.646753643515703040e+22
6.698849386449121942e+22
7.121940916210521814e+22
6.343309921849910808e+22
6.304921849670527458e+22
6.553674834278764826e+22
6.718739515484780311e+22
6.450577339258864717e+22
6.177758749736352455e+22
6.001465827241907716e+22
5.890626065738872180e+22
5.805529550746087221e+22
5.636249815689814082e+22
5.579593464475459938e+22
5.417971318252682346e+22
5.635121481230000849e+22
5.445937866829736182e+22
5.473449563084095803e+22
5.196693433547453628e+22
5.224515478100171660e+22
5.244845491322567524e+22
5.087904708889271914e+22
4.642703199664283949e+22
4.740794853453164079e+22
4.313354691045697048e+22
4.531624658290459279e+22
4.750910625605959339e+22
4.895642366029494380e+22
4.706921978312411788e+22
4.488081663106737190e+22
4.967266672738785087e+22
4.289751007997508295e+22
4.315872065048973568e+22
4.421244951965316887e+22
4.005436759606103638e+22
3.875742931699369194e+22
3.712352886646571952e+22
3.787644818547867124e+22
3.251747220767716776e+22
4.142015639058799762e+22
3.658689055248594082e+22
4.095821039865672447e+22
3.940708117543973080e+22
3.241169517153760575e+22
3.240365249088946648e+22
3.111743139171143569e+22
3.303047899552741641e+22
3.724166734532123086e+22
3.382883932070697186e+22
3.213647785122029843e+22
3.121205034937326816e+22
3.635931222068362111e+22
3.370884392115378114e+22
3.526740329885734850e+22
2.828336721644129721e+22
2.725434182383206767e+22
2.571844878520649200e+22
2.660851668752699228e+22
2.693934590988223984e+22
3.026694725395497878e+22
2.729700367558228784e+22
2.929343981591034908e+22
2.801232200012215720e+22
2.664601881298306754e+22
3.001384507722055025e+22
2.573879424782370131e+22
2.496048824194508102e+22
2.824593767962172509e+22
2.771352039009880008e+22
2.818359372303550539e+22
2.789386698000912561e+22
2.704597217868944874e+22
2.454053702342172213e+22
2.535534117725907242e+22
2.982381428680627637e+22
2.346273934720297337e+22
2.384342251557489318e+22
2.172071833654183697e+22
2.281279286797430633e+22
2.421564978504557344e+22
2.224606394650520558e+22
2.353011136703569592e+22
2.136386386461127501e+22
2.441244281853657586e+22
2.241933803261613258e+22
2.064289383130500956e+22
2.024361331011961120e+22
2.246864941867412016e+22
2.212278057699218607e+22
2.278863135929545418e+22
2.433788719272499033e+22
2.396680467495320656e+22
2.189182241638345553e+22
1.826547286144096770e+22
1.500003974459982191e+22
1.666554881006369977e+22
1.945803919389823599e+22
2.077978887943888673e+22
2.027669277022520712e+22
2.046136143346082932e+22
2.042332870103131803e+22
1.920404544447944694e+22
1.749597121177421716e+22
1.651181048135544943e+22
1.643136301758289229e+22
1.789218259369495154e+22
1.886502984976485371e+22
1.948978521080333546e+22
2.035852591322055993e+22
2.073022971207389859e+22
1.826072030124008958e+22
1.426649692482470255e+22
1.380487445685219203e+22
1.915027654415559216e+22
1.655377380103055160e+22
1.566191570486300980e+22
1.297884567750689423e+22
1.599307399503932083e+22
1.623013177185681382e+22
1.627964159700076226e+22
1.641469676147467669e+22
1.512766878596934612e+22
1.402432877669567064e+22
1.301048007736319541e+22
1.560572528509963154e+22
1.546458494892124615e+22
1.649414723213587592e+22
1.495003377803778536e+22
1.600512550773498629e+22
1.702430038511414621e+22
1.483693651795482614e+22
1.367137611087653896e+22
1.569414185389811093e+22
1.417972339840949158e+22
1.278677935439925687e+22
1.282434421344442935e+22
1.119478976639750531e+22
1.318029596340819434e+22
1.464763311524218615e+22
1.311305602599040634e+22
1.327288867965956732e+22
1.105069682714812927e+22
1.530387915534109979e+22
1.331810724520295976e+22
1.202561632322979889e+22
1.069566890895581014e+22
1.414774581608706998e+22
1.179405113959446793e+22
1.224708586642394527e+22
1.073229457254580958e+22
1.131071878880362181e+22
1.232486984232408921e+22
9.253339153955981099e+21
1.423791631685382255e+22
1.047030179354975509e+22
1.309407423371509393e+22
1.309307940439261289e+22
1.192361863013669745e+22
8.444242840514496299e+21
1.002891681174186990e+22
1.104578792766996637e+22
8.558351993271704617e+21
7.355334566227890668e+21
9.317660142812992111e+21
7.826217052451168584e+21
8.399319831126346826e+21
9.239091909387520836e+21
1.207106025808582201e+22
9.639426464994193048e+21
8.383981968584780808e+21
9.269992345414779535e+21
1.037764252266491229e+22
9.348585737945640600e+21
8.107234150254923219e+21
6.968318825422904099e+21
8.857888760474944668e+21
1.166637019307467342e+22
8.133734649356492997e+21
8.739747375245136232e+21
7.365807225583001666e+21
8.649087388936568832e+21
7.864878769395564806e+21
7.556672965277728637e+21
9.047990230761051521e+21
7.940847529693587440e+21
6.542027230922460365e+21
6.210007927995887518e+21
6.699579391824320528e+21
7.595670203357328310e+21
6.279701921549168673e+21
9.336436313006067941e+21
8.586428259062743302e+21
6.124141556520334655e+21
6.483094760553306915e+21
5.355871660904097513e+21
7.285667907139021046e+21
5.416887179909587272e+21
6.276134495990792061e+21
7.385306883995436319e+21
7.302533486439504544e+21
6.137284202605440926e+21
7.106925549988644651e+21
6.325049582805580775e+21
6.005622620686751105e+21
5.851647175490473558e+21
8.011121564042003481e+21
7.189361430920092975e+21
6.393821352600015995e+21
5.956695602995744735e+21
5.441590131371977736e+21
7.886465457168004940e+21
6.176020368122284343e+21
6.773018499782444843e+21
4.841122396989724557e+21
5.138646328736248496e+21
6.575885529818047971e+21
6.909631801583966618e+21
5.776076689594938032e+21
4.643825409048254611e+21
3.399876003438267990e+21
4.049311769126667026e+21
4.447979470501530042e+21
4.575605802565472616e+21
4.591254467022323974e+21
7.055255938232442946e+21
5.430147298557354312e+21
5.332881785448437907e+21
4.782170135376818078e+21
4.908738629070825193e+21
5.258778906384724394e+21
5.262051017440544948e+21
3.166347037538277392e+21
4.270263567861312127e+21
3.014859822171919221e+21
3.365529519531523310e+21
3.610932231739481260e+21
4.589161376503291183e+21
4.392590103159710417e+21
3.025570999129930727e+21
3.206301823264182764e+21
3.665892319084793037e+21
3.889431634235052524e+21
3.661936291361675280e+21
4.197159964102897959e+21
3.135976040454849298e+21
3.074982579820148294e+21
3.568898776304494051e+21
4.202660180048416866e+21
3.430794190596960420e+21
3.287336411297164558e+21
3.493821728752508338e+21
2.662194119480544068e+21
3.145097086496829604e+21
3.675329331138541388e+21
2.829822215820752191e+21
1.876248094231581426e+21
2.047744294121094513e+21
3.318245843377322459e+21
3.411683784653472268e+21
2.580266247801544376e+21
2.634153468084229243e+21
3.053486448082793005e+21
3.629025270094207386e+21
3.406487526801889821e+21
2.521964473720238506e+21
2.091428169126286721e+21
1.589858014721041498e+21
2.593837553402857390e+21
3.267811212730539442e+21
3.071436298819765535e+21
3.957210512573051961e+21
2.276969618039422321e+21
1.744048051401137324e+21
1.905786883095935058e+21
2.066135191838511858e+21
2.553132388303750300e+21
1.665170283670405906e+21
3.334836038911081841e+21
2.455982119429381030e+21
1.776069606445757497e+21
1.797364080411791065e+21
2.418259271644274491e+21
1.462631036472698077e+21
1.521112184816981508e+21
1.947718334409331704e+21
2.973305853404672164e+21
1.663704940724428472e+21
1.556788921732054385e+21
1.353675123517052944e+21
1.710752274726868746e+21
1.149002056769344504e+21
2.004328739482953581e+21
1.558985266542694892e+21
2.087615546657877524e+21
1.803839396581128536e+21
9.875976355906635694e+20
7.385556792523657052e+20
7.214853407433276785e+20
1.148887711435055825e+21
1.569391973285015585e+21
1.653976209604647059e+21
1.928179183862171828e+21
1.822743891814331711e+21
1.054725392502770762e+21
1.032144967152025862e+21
2.863308081616339599e+20
1.448555881866994647e+21
2.503732338988073615e+21
1.236507132187021935e+21
1.034946146160611164e+21
1.586386283548345106e+21
1.309251165557547336e+21
1.700913277780688110e+21
1.262045932302371914e+21
7.907756371063595336e+20
1.077488427670644851e+21
1.183460739221464023e+21
1.622435819723478008e+21
1.307629632390885802e+21
5.611337722598364283e+20
2.792731136686236959e+20
8.509169413385137684e+20
6.181142839699751567e+20
3.574665498467655352e+20
4.227676892992126976e+20
1.218356088954148880e+21
1.238909181857455407e+21
2.055272825374158356e+21
1.335325514232484594e+21
1.185017610483626934e+21
7.146879114088176681e+20
1.682295378889662136e+20
7.996102637904124969e+20
8.096146898878385357e+20
6.890397144688035103e+20
3.205362222691595715e+20
6.353934999501846610e+20
9.233120796611663626e+20
8.265061505511540654e+20
1.157412136552191885e+21
4.692448743974873989e+20
9.277578410880811663e+20
8.711873752314789233e+20
5.289412850116298015e+20
5.879367868430461174e+20
8.166221712903231242e+20
9.677396874782491279e+20
1.349480906955312857e+21
1.642770383047794360e+20
3.541854581774438892e+20
6.316174911596724224e+20
1.392788049063189414e+21
3.731832403935735316e+20
5.485037886977156710e+20
6.110924061577444065e+20
8.264047218584464916e+20
7.894615943263150408e+20
7.892372207401330278e+20
5.215554836494822932e+20
1.641967442375690813e+20
4.029797421086347756e+20
5.773107079339663032e+20
3.508166848294480773e+20
0.000000000000000000e+00
1.615595227543825285e+20
1.862327026982796657e+20
3.081181834424601149e+20
7.938370875193665126e+19
6.354780531130385039e+20
5.689662861971324928e+20
5.320867477328371384e+20
1.053335652379389067e+21
6.520853996441505628e+20
6.265324197417999401e+20
2.872861226457544786e+20
8.076919461979729428e+20
6.799327989462395781e+20
1.973955461966393508e+20
2.125247226330224722e+20
3.444222631518905303e+20
6.152565874653053583e+20
3.852878923342974812e+20
2.386775335195932099e+20
4.702422127261165158e+20
3.812486871781545738e+20
3.978108313926405980e+20
3.859018186185873818e+20
1.512508416604809134e+20
9.384719755520539034e+19
1.949973559241172582e+20
4.414816571762217452e+20
9.881510454671990784e+19
6.044939409958699008e+20
5.579948169139248169e+20
3.080994773843232031e+20
9.103388424257312768e+18
2.359946507914289807e+20
0.000000000000000000e+00
3.342544086807738450e+20
1.559416697505987625e+20
0.000000000000000000e+00
0.000000000000000000e+00
7.443957474288923443e+19
5.271437054523064975e+20
2.822709199000874516e+20
9.653795676746203136e+19
8.648339412173738803e+19
2.181582071462090179e+20
2.237342417476152525e+20
3.826723209739696865e+20
6.934399287321386189e+19
0.000000000000000000e+00
0.000000000000000000e+00
6.089832654769158554e+19
1.841997126679947182e+20
0.000000000000000000e+00
6.080208327047973274e+19
2.426404051907879895e+20
4.318516291857912300e+20
0.000000000000000000e+00
0.000000000000000000e+00
1.561696781027644867e+20
1.962594798887570309e+20
1.377669204398511063e+20
0.000000000000000000e+00
0.000000000000000000e+00
2.332663692071184302e+20
9.371651044112500326e+19
1.632131987831291576e+20
1.340771472620881347e+20
3.561189311692844564e+20
0.000000000000000000e+00
0.000000000000000000e+00
2.003953146013975183e+20
3.607875508382609572e+20
1.741112522074003866e+20
0.000000000000000000e+00
0.000000000000000000e+00
0.000000000000000000e+00
1.174445317657028362e+20
2.358323390448986030e+20
1.369192076207711846e+20
0.000000000000000000e+00
0.000000000000000000e+00
1.273149765675979899e+20
1.177830626480883139e+20
0.000000000000000000e+00
3.446419353982340301e+20
1.455541430331385283e+20
0.000000000000000000e+00
0.000000000000000000e+00
0.000000000000000000e+00
0.000000000000000000e+00
0.000000000000000000e+00
0.000000000000000000e+00
0.000000000000000000e+00
0.000000000000000000e+00
0.000000000000000000e+00
1.903957848014113014e+20
5.470225441427499418e+19
0.000000000000000000e+00
0.000000000000000000e+00
0.000000000000000000e+00
0.000000000000000000e+00
0.000000000000000000e+00
2.205958718276718428e+20
2.450216738801444864e+19
0.000000000000000000e+00
0.000000000000000000e+00
0.000000000000000000e+00
3.863810436296618803e+19
3.306317035866989527e+20
1.209262704817074831e+20
6.748277339359750554e+19
1.776152658220887900e+20
0.000000000000000000e+00
0.000000000000000000e+00
0.000000000000000000e+00
0.000000000000000000e+00
0.000000000000000000e+00
0.000000000000000000e+00
0.000000000000000000e+00
0.000000000000000000e+00
0.000000000000000000e+00
0.000000000000000000e+00
0.000000000000000000e+00
0.000000000000000000e+00
0.000000000000000000e+00
0.000000000000000000e+00
0.000000000000000000e+00
0.000000000000000000e+00
0.000000000000000000e+00
0.000000000000000000e+00
0.000000000000000000e+00
0.000000000000000000e+00
0.000000000000000000e+00
0.000000000000000000e+00
0.000000000000000000e+00
7.909000364283176550e+19
1.660080355728545546e+20
0.000000000000000000e+00
0.000000000000000000e+00
0.000000000000000000e+00
0.000000000000000000e+00
0.000000000000000000e+00
1.866775425098159718e+19
2.264302849647047148e+20
0.000000000000000000e+00
0.000000000000000000e+00
0.000000000000000000e+00
0.000000000000000000e+00
0.000000000000000000e+00
0.000000000000000000e+00
0.000000000000000000e+00
0.000000000000000000e+00
0.000000000000000000e+00
0.000000000000000000e+00
0.000000000000000000e+00
0.000000000000000000e+00
0.000000000000000000e+00
0.000000000000000000e+00
0.000000000000000000e+00
0.000000000000000000e+00
0.000000000000000000e+00
0.000000000000000000e+00
0.000000000000000000e+00
0.000000000000000000e+00
0.000000000000000000e+00
0.000000000000000000e+00
0.000000000000000000e+00
0.000000000000000000e+00
0.000000000000000000e+00
0.000000000000000000e+00
0.000000000000000000e+00
0.000000000000000000e+00
0.000000000000000000e+00
0.000000000000000000e+00
0.000000000000000000e+00
0.000000000000000000e+00
0.000000000000000000e+00
0.000000000000000000e+00
0.000000000000000000e+00
0.000000000000000000e+00
0.000000000000000000e+00
0.000000000000000000e+00
0.000000000000000000e+00
0.000000000000000000e+00
0.000000000000000000e+00
0.000000000000000000e+00
0.000000000000000000e+00
0.000000000000000000e+00
0.000000000000000000e+00
0.000000000000000000e+00
